 #xavg   6.00078773     std   4.90860796    
  0.509599984       4.99750115E-03
  0.609600008       1.54922539E-02
  0.709599972       3.24837565E-02
  0.809599996       4.54772636E-02
  0.909600019       5.69715165E-02
   1.00960004       6.24687634E-02
   1.10959995       9.44527686E-02
   1.20959997      0.109445274    
   1.30960000      0.117941029    
   1.40960002      0.121439278    
   1.50960004      0.129935026    
   1.60960007      0.128435776    
   1.70960009      0.155422285    
   1.80960000      0.154422790    
   1.90960002      0.167416289    
   2.00959992      0.139930025    
   2.10960007      0.158920541    
   2.20959997      0.175412297    
   2.30959988      0.167916045    
   2.40960002      0.175412297    
   2.50960016      0.157921031    
   2.60960007      0.165917039    
   2.70959997      0.165417284    
   2.80960011      0.141929030    
   2.90960002      0.152423784    
   3.00960016      0.138430774    
   3.10960007      0.146926537    
   3.20959997      0.145427287    
   3.30960011      0.153423280    
   3.40960002      0.139930025    
   3.50960016      0.135432288    
   3.60960007      0.131934032    
   3.70959997      0.135932028    
   3.80960011      0.122438781    
   3.90960002      0.124937527    
   4.00960016      0.120439783    
   4.10960007      0.117941029    
   4.20959997       9.89505276E-02
   4.30959988      0.115442276    
   4.40959978       9.84507725E-02
   4.50959969      0.101449274    
   4.60960007      0.116941527    
   4.70959997      0.118940525    
   4.80959988      0.113943033    
   4.90959978       9.94502753E-02
   5.00959969       9.49525237E-02
   5.10960007       8.59570205E-02
   5.20959997       9.84507725E-02
   5.30959988       7.59620145E-02
   5.40959978       7.89605156E-02
   5.50959969       7.84607679E-02
   5.60960007       7.84607679E-02
   5.70959997       7.64617696E-02
   5.80959988       7.34632686E-02
   5.90959978       7.19640180E-02
   6.00959969       8.29585195E-02
   6.10960007       7.39630163E-02
   6.20959997       6.59670159E-02
   6.30959988       6.69665188E-02
   6.40959978       6.84657693E-02
   6.50959969       6.04697652E-02
   6.60960007       7.39630163E-02
   6.70959997       7.34632686E-02
   6.80959988       6.09695166E-02
   6.90959978       5.84707633E-02
   7.00959969       6.14692643E-02
   7.10960007       5.94702624E-02
   7.20959997       5.94702624E-02
   7.30959988       6.49675131E-02
   7.40959978       4.74762619E-02
   7.50959969       5.64717650E-02
   7.60960007       4.49775122E-02
   7.70959997       5.24737649E-02
   7.80959988       4.64767627E-02
   7.90959978       5.34732640E-02
   8.00959969       4.99750115E-02
   8.10960007       3.89805064E-02
   8.20960045       4.94752638E-02
   8.30959988       4.44777571E-02
   8.40960026       5.14742620E-02
   8.50960064       4.99750115E-02
   8.60960007       4.49775122E-02
   8.70960045       4.64767627E-02
   8.80960083       4.19790111E-02
   8.90960026       3.99800092E-02
   9.00960064       4.24787588E-02
   9.10960007       3.29835080E-02
   9.20960045       2.99850088E-02
   9.30960083       4.69765104E-02
   9.40960026       3.24837565E-02
   9.50960064       3.34832594E-02
   9.60960007       4.19790111E-02
   9.70960045       3.39830071E-02
   9.80960083       2.99850088E-02
   9.90960026       3.54822576E-02
   10.0096006       2.94852573E-02
   10.1096001       3.09845079E-02
   10.2096004       2.69865058E-02
   10.3096008       2.89855078E-02
   10.4096003       2.79860049E-02
   10.5096006       3.44827585E-02
   10.6096001       3.29835080E-02
   10.7096004       3.19840088E-02
   10.8096008       2.39880048E-02
   10.9096003       3.39830071E-02
   11.0096006       2.54872553E-02
   11.1096001       2.19890047E-02
   11.2096004       2.29885057E-02
   11.3096008       2.49875057E-02
   11.4096003       2.89855078E-02
   11.5096006       2.19890047E-02
   11.6096001       2.44877562E-02
   11.7096004       2.19890047E-02
   11.8096008       2.64867563E-02
   11.9096003       2.59870049E-02
   12.0096006       2.14892551E-02
   12.1096001       2.44877562E-02
   12.2096004       2.29885057E-02
   12.3096008       1.59920044E-02
   12.4096003       2.44877562E-02
   12.5096006       1.54922539E-02
   12.6096001       1.49925044E-02
   12.7096004       1.94902532E-02
   12.8096008       1.74912531E-02
   12.9096003       2.04897560E-02
   13.0096006       1.79910045E-02
   13.1096001       2.14892551E-02
   13.2096004       1.99900046E-02
   13.3096008       2.49875057E-02
   13.4096003       1.74912531E-02
   13.5096006       1.49925044E-02
   13.6096001       1.54922539E-02
   13.7096004       2.59870049E-02
   13.8096008       1.34932529E-02
   13.9096003       1.29935024E-02
   14.0096006       1.74912531E-02
   14.1096001       1.49925044E-02
   14.2096004       1.34932529E-02
   14.3096008       9.49525181E-03
   14.4096003       1.29935024E-02
   14.5096006       9.49525181E-03
   14.6096001       1.24937529E-02
   14.7096004       1.34932529E-02
   14.8096008       1.44927539E-02
   14.9096003       1.29935024E-02
   15.0096006       1.34932529E-02
   15.1096001       1.24937529E-02
   15.2096004       1.24937529E-02
   15.3096008       8.99550226E-03
   15.4096003       1.14942528E-02
   15.5096006       1.19940024E-02
   15.6096001       1.04947528E-02
   15.7096004       1.24937529E-02
   15.8096008       1.49925044E-02
   15.9096003       8.99550226E-03
   16.0095997       1.14942528E-02
   16.1096001       7.49625219E-03
   16.2096004       8.99550226E-03
   16.3096008       8.49575177E-03
   16.4095993       8.49575177E-03
   16.5095997       5.99700119E-03
   16.6096001       5.49725117E-03
   16.7096004       9.49525181E-03
   16.8095989       7.99600221E-03
   16.9095993       9.99500230E-03
   17.0095997       1.04947528E-02
   17.1096001       6.49675122E-03
   17.2096004       8.49575177E-03
   17.3095989       5.49725117E-03
   17.4095993       3.49825062E-03
   17.5095997       8.99550226E-03
   17.6096001       5.49725117E-03
   17.7096004       8.99550226E-03
   17.8095989       4.99750115E-03
   17.9095993       5.99700119E-03
   18.0095997       8.49575177E-03
   18.1096001       3.49825062E-03
   18.2096004       5.99700119E-03
   18.3095989       4.99750115E-03
   18.4095993       8.49575177E-03
   18.5095997       5.49725117E-03
   18.6096001       6.49675122E-03
   18.7096004       4.49775113E-03
   18.8095989       5.99700119E-03
   18.9095993       4.99750115E-03
   19.0095997       3.99800111E-03
   19.1096001       6.49675122E-03
   19.2096004       3.49825062E-03
   19.3095989       3.99800111E-03
   19.4095993       5.49725117E-03
   19.5095997       7.99600221E-03
   19.6096001       4.49775113E-03
   19.7096004       4.49775113E-03
   19.8095989       1.49925030E-03
   19.9095993       2.99850060E-03
   20.0095997       3.99800111E-03
   20.1096001       3.49825062E-03
   20.2096004       4.99750115E-03
   20.3095989       3.99800111E-03
   20.4095993       4.49775113E-03
   20.5095997       3.99800111E-03
   20.6096001       1.99900055E-03
   20.7096004       4.49775113E-03
   20.8095989       3.99800111E-03
   20.9095993       2.99850060E-03
   21.0095997       2.99850060E-03
   21.1096001       2.49875057E-03
   21.2096004       4.49775113E-03
   21.3095989       3.49825062E-03
   21.4095993       3.49825062E-03
   21.5095997       3.99800111E-03
   21.6096001       3.99800111E-03
   21.7096004       3.49825062E-03
   21.8095989       2.99850060E-03
   21.9095993       4.49775113E-03
   22.0095997       3.49825062E-03
   22.1096001       1.99900055E-03
   22.2096004       9.99500277E-04
   22.3095989       3.49825062E-03
   22.4095993       1.99900055E-03
   22.5095997       4.99750115E-03
   22.6096001       6.99650124E-03
   22.7096004       2.99850060E-03
   22.8095989       3.49825062E-03
   22.9095993       2.99850060E-03
   23.0095997       3.49825062E-03
   23.1096001       1.99900055E-03
   23.2096004       1.49925030E-03
   23.3095989       2.49875057E-03
   23.4095993       1.49925030E-03
   23.5095997       1.99900055E-03
   23.6096001       4.99750138E-04
   23.7096004       1.49925030E-03
   23.8095989       3.99800111E-03
   23.9095993       9.99500277E-04
   24.0095997       1.49925030E-03
   24.1096001       4.99750138E-04
   24.2096004       1.99900055E-03
   24.3095989       1.99900055E-03
   24.4095993       1.99900055E-03
   24.5095997       4.99750138E-04
   24.6096001       1.49925030E-03
   24.7096004       1.99900055E-03
   24.8095989       9.99500277E-04
   24.9095993       9.99500277E-04
   25.0095997       2.49875057E-03
   25.1096001       1.99900055E-03
   25.2096004       1.49925030E-03
   25.3095989       4.99750138E-04
   25.4095993       3.49825062E-03
   25.5095997       2.49875057E-03
   25.6096001       4.49775113E-03
   25.7096004       9.99500277E-04
   25.8095989       4.99750138E-04
   25.9095993       1.99900055E-03
   26.0095997       2.99850060E-03
   26.1096001       2.49875057E-03
   26.2096004       9.99500277E-04
   26.3095989       1.99900055E-03
   26.4095993       1.49925030E-03
   26.5095997       2.49875057E-03
   26.6096001       9.99500277E-04
   26.7096004       0.00000000    
   26.8095989       2.99850060E-03
   26.9095993       4.99750138E-04
   27.0095997       9.99500277E-04
   27.1096001       9.99500277E-04
   27.2096004       4.99750138E-04
   27.3095989       1.49925030E-03
   27.4095993       0.00000000    
   27.5095997       4.99750138E-04
   27.6096001       4.99750138E-04
   27.7096004       9.99500277E-04
   27.8095989       0.00000000    
   27.9095993       1.99900055E-03
   28.0095997       9.99500277E-04
   28.1096001       9.99500277E-04
   28.2096004       0.00000000    
   28.3095989       4.99750138E-04
   28.4095993       4.99750138E-04
   28.5095997       4.99750138E-04
   28.6096001       4.99750138E-04
   28.7096004       9.99500277E-04
   28.8095989       9.99500277E-04
   28.9095993       4.99750138E-04
   29.0095997       9.99500277E-04
   29.1096001       1.99900055E-03
   29.2096004       4.99750138E-04
   29.3095989       9.99500277E-04
   29.4095993       9.99500277E-04
   29.5095997       0.00000000    
   29.6096001       0.00000000    
   29.7096004       4.99750138E-04
   29.8095989       0.00000000    
   29.9095993       0.00000000    
   30.0095997       0.00000000    
   30.1096001       0.00000000    
   30.2096004       4.99750138E-04
   30.3095989       0.00000000    
   30.4095993       9.99500277E-04
   30.5095997       4.99750138E-04
   30.6096001       1.49925030E-03
   30.7096004       4.99750138E-04
   30.8095989       0.00000000    
   30.9095993       0.00000000    
   31.0095997       4.99750138E-04
   31.1096001       1.49925030E-03
   31.2096004       4.99750138E-04
   31.3095989       4.99750138E-04
   31.4095993       9.99500277E-04
   31.5095997       1.49925030E-03
   31.6096001       0.00000000    
   31.7096004       4.99750138E-04
   31.8095989       4.99750138E-04
   31.9095993       9.99500277E-04
   32.0096016       4.99750138E-04
   32.1096001       0.00000000    
   32.2096024       4.99750138E-04
   32.3096008       0.00000000    
   32.4095993       4.99750138E-04
   32.5096016       0.00000000    
   32.6096001       0.00000000    
   32.7095985       0.00000000    
   32.8096008       0.00000000    
   32.9095993       0.00000000    
   33.0096016       9.99500277E-04
   33.1096001       0.00000000    
   33.2095985       0.00000000    
   33.3096008       0.00000000    
   33.4095993       4.99750138E-04
   33.5096016       0.00000000    
   33.6096001       4.99750138E-04
   33.7095985       4.99750138E-04
   33.8096008       4.99750138E-04
   33.9095993       0.00000000    
   34.0096016       4.99750138E-04
   34.1096001       0.00000000    
   34.2095985       4.99750138E-04
   34.3096008       4.99750138E-04
   34.4095993       0.00000000    
   34.5096016       4.99750138E-04
   34.6096001       0.00000000    
   34.7095985       0.00000000    
   34.8096008       0.00000000    
   34.9095993       0.00000000    
   35.0096016       0.00000000    
   35.1096001       0.00000000    
   35.2095985       0.00000000    
   35.3096008       0.00000000    
   35.4095993       4.99750138E-04
   35.5096016       4.99750138E-04
   35.6096001       4.99750138E-04
   35.7095985       4.99750138E-04
   35.8096008       4.99750138E-04
   35.9095993       0.00000000    
   36.0096016       0.00000000    
   36.1096001       4.99750138E-04
   36.2095985       4.99750138E-04
   36.3096008       4.99750138E-04
   36.4095993       0.00000000    
   36.5096016       0.00000000    
   36.6096001       0.00000000    
   36.7095985       0.00000000    
   36.8096008       0.00000000    
   36.9095993       0.00000000    
   37.0096016       4.99750138E-04
   37.1096001       0.00000000    
   37.2095985       4.99750138E-04
   37.3096008       4.99750138E-04
   37.4095993       0.00000000    
   37.5096016       0.00000000    
   37.6096001       4.99750138E-04
   37.7095985       0.00000000    
   37.8096008       0.00000000    
   37.9095993       0.00000000    
   38.0096016       0.00000000    
   38.1096001       0.00000000    
   38.2095985       0.00000000    
   38.3096008       0.00000000    
   38.4095993       0.00000000    
   38.5096016       0.00000000    
   38.6096001       4.99750138E-04
   38.7095985       4.99750138E-04
   38.8096008       0.00000000    
   38.9095993       0.00000000    
   39.0096016       0.00000000    
   39.1096001       0.00000000    
   39.2095985       0.00000000    
   39.3096008       0.00000000    
   39.4095993       0.00000000    
   39.5096016       0.00000000    
   39.6096001       0.00000000    
   39.7095985       0.00000000    
   39.8096008       0.00000000    
   39.9095993       0.00000000    
   40.0096016       0.00000000    
   40.1096001       0.00000000    
   40.2095985       0.00000000    
   40.3096008       0.00000000    
   40.4095993       0.00000000    
   40.5096016       4.99750138E-04
   40.6096001       0.00000000    
   40.7095985       0.00000000    
   40.8096008       0.00000000    
   40.9095993       0.00000000    
   41.0096016       0.00000000    
   41.1096001       0.00000000    
   41.2095985       0.00000000    
   41.3096008       0.00000000    
   41.4095993       0.00000000    
   41.5096016       0.00000000    
   41.6096001       0.00000000    
   41.7095985       0.00000000    
   41.8096008       0.00000000    
   41.9095993       0.00000000    
   42.0096016       0.00000000    
   42.1096001       0.00000000    
   42.2095985       0.00000000    
   42.3096008       0.00000000    
   42.4095993       0.00000000    
   42.5096016       0.00000000    
   42.6096001       0.00000000    
   42.7095985       0.00000000    
   42.8096008       0.00000000    
   42.9095993       0.00000000    
   43.0096016       0.00000000    
   43.1096001       0.00000000    
   43.2095985       0.00000000    
   43.3096008       0.00000000    
   43.4095993       0.00000000    
   43.5096016       0.00000000    
   43.6096001       0.00000000    
   43.7095985       0.00000000    
   43.8096008       0.00000000    
   43.9095993       0.00000000    
   44.0096016       0.00000000    
   44.1096001       0.00000000    
   44.2095985       0.00000000    
   44.3096008       4.99750138E-04
   44.4095993       0.00000000    
   44.5096016       0.00000000    
   44.6096001       0.00000000    
   44.7095985       0.00000000    
   44.8096008       0.00000000    
   44.9095993       0.00000000    
   45.0096016       0.00000000    
   45.1096001       0.00000000    
   45.2095985       0.00000000    
   45.3096008       0.00000000    
   45.4095993       0.00000000    
   45.5096016       0.00000000    
   45.6096001       0.00000000    
   45.7095985       0.00000000    
   45.8096008       0.00000000    
   45.9095993       0.00000000    
   46.0096016       0.00000000    
   46.1096001       0.00000000    
   46.2095985       0.00000000    
   46.3096008       0.00000000    
   46.4095993       0.00000000    
   46.5096016       0.00000000    
   46.6096001       0.00000000    
   46.7095985       0.00000000    
   46.8096008       0.00000000    
   46.9095993       0.00000000    
   47.0096016       0.00000000    
   47.1096001       0.00000000    
   47.2095985       0.00000000    
   47.3096008       0.00000000    
   47.4095993       0.00000000    
   47.5096016       0.00000000    
   47.6096001       0.00000000    
   47.7095985       0.00000000    
   47.8096008       0.00000000    
   47.9095993       0.00000000    
   48.0096016       0.00000000    
   48.1096001       0.00000000    
   48.2095985       0.00000000    
   48.3096008       0.00000000    
   48.4095993       0.00000000    
   48.5096016       0.00000000    
   48.6096001       0.00000000    
   48.7095985       0.00000000    
   48.8096008       0.00000000    
   48.9095993       0.00000000    
   49.0096016       0.00000000    
   49.1096001       0.00000000    
   49.2095985       0.00000000    
   49.3096008       0.00000000    
   49.4095993       0.00000000    
   49.5096016       0.00000000    
   49.6096001       0.00000000    
   49.7095985       0.00000000    
   49.8096008       0.00000000    
   49.9095993       0.00000000    
   50.0096016       0.00000000    
   50.1096001       0.00000000    
   50.2095985       0.00000000    
   50.3096008       0.00000000    
   50.4095993       0.00000000    
   50.5096016       0.00000000    
   50.6096001       0.00000000    
   50.7095985       0.00000000    
   50.8096008       0.00000000    
   50.9095993       0.00000000    
   51.0096016       0.00000000    
   51.1096001       0.00000000    
   51.2095985       0.00000000    
   51.3096008       0.00000000    
   51.4095993       0.00000000    
   51.5096016       0.00000000    
   51.6096001       0.00000000    
   51.7095985       0.00000000    
   51.8096008       0.00000000    
   51.9095993       0.00000000    
   52.0096016       0.00000000    
   52.1096001       0.00000000    
   52.2095985       0.00000000    
   52.3096008       0.00000000    
   52.4095993       0.00000000    
   52.5096016       0.00000000    
   52.6096001       0.00000000    
   52.7095985       0.00000000    
   52.8096008       0.00000000    
   52.9095993       0.00000000    
   53.0096016       0.00000000    
   53.1096001       0.00000000    
   53.2095985       0.00000000    
   53.3096008       0.00000000    
   53.4095993       0.00000000    
   53.5096016       0.00000000    
   53.6096001       0.00000000    
   53.7095985       0.00000000    
   53.8096008       0.00000000    
   53.9095993       0.00000000    
   54.0096016       0.00000000    
   54.1096001       0.00000000    
   54.2095985       0.00000000    
   54.3096008       0.00000000    
   54.4095993       0.00000000    
   54.5096016       0.00000000    
   54.6096001       0.00000000    
   54.7095985       0.00000000    
   54.8096008       0.00000000    
   54.9095993       0.00000000    
   55.0096016       0.00000000    
   55.1096001       0.00000000    
   55.2095985       0.00000000    
   55.3096008       0.00000000    
   55.4095993       0.00000000    
   55.5096016       0.00000000    
   55.6096001       0.00000000    
   55.7095985       0.00000000    
   55.8096008       0.00000000    
   55.9095993       0.00000000    
   56.0096016       0.00000000    
   56.1096001       0.00000000    
   56.2095985       0.00000000    
   56.3096008       0.00000000    
   56.4095993       0.00000000    
   56.5096016       0.00000000    
   56.6096001       0.00000000    
   56.7095985       0.00000000    
   56.8096008       0.00000000    
   56.9095993       0.00000000    
   57.0096016       0.00000000    
   57.1096001       0.00000000    
   57.2095985       0.00000000    
   57.3096008       0.00000000    
   57.4095993       0.00000000    
   57.5096016       0.00000000    
   57.6096001       0.00000000    
   57.7095985       0.00000000    
   57.8096008       0.00000000    
   57.9095993       0.00000000    
   58.0096016       0.00000000    
   58.1096001       0.00000000    
   58.2095985       0.00000000    
   58.3096008       0.00000000    
   58.4095993       0.00000000    
   58.5096016       0.00000000    
   58.6096001       0.00000000    
   58.7095985       0.00000000    
   58.8096008       0.00000000    
   58.9095993       0.00000000    
   59.0096016       0.00000000    
   59.1096001       0.00000000    
   59.2095985       0.00000000    
   59.3096008       0.00000000    
   59.4095993       0.00000000    
   59.5096016       0.00000000    
   59.6096001       0.00000000    
   59.7095985       0.00000000    
   59.8096008       0.00000000    
   59.9095993       0.00000000    
   60.0096016       0.00000000    
   60.1096001       0.00000000    
   60.2095985       0.00000000    
   60.3096008       0.00000000    
   60.4095993       0.00000000    
   60.5096016       0.00000000    
   60.6096001       0.00000000    
   60.7095985       0.00000000    
   60.8096008       0.00000000    
   60.9095993       0.00000000    
   61.0096016       0.00000000    
   61.1096001       0.00000000    
   61.2095985       0.00000000    
   61.3096008       0.00000000    
   61.4095993       0.00000000    
   61.5096016       0.00000000    
   61.6096001       0.00000000    
   61.7095985       0.00000000    
   61.8096008       0.00000000    
   61.9095993       0.00000000    
   62.0096016       0.00000000    
   62.1096001       0.00000000    
   62.2095985       0.00000000    
   62.3096008       0.00000000    
   62.4095993       0.00000000    
   62.5096016       0.00000000    
   62.6096001       0.00000000    
   62.7095985       0.00000000    
   62.8096008       0.00000000    
   62.9095993       0.00000000    
   63.0096016       0.00000000    
   63.1096001       0.00000000    
   63.2095985       0.00000000    
   63.3096008       0.00000000    
   63.4095993       0.00000000    
   63.5096016       0.00000000    
   63.6096001       0.00000000    
   63.7095985       0.00000000    
   63.8096008       0.00000000    
   63.9095993       0.00000000    
   64.0096054       0.00000000    
   64.1096039       0.00000000    
   64.2096024       0.00000000    
   64.3096008       0.00000000    
   64.4095993       0.00000000    
   64.5095978       0.00000000    
   64.6096039       0.00000000    
   64.7096024       0.00000000    
   64.8096008       0.00000000    
   64.9095993       0.00000000    
   65.0095978       0.00000000    
   65.1096039       0.00000000    
   65.2096024       0.00000000    
   65.3096008       0.00000000    
   65.4095993       0.00000000    
   65.5095978       0.00000000    
   65.6096039       0.00000000    
   65.7096024       0.00000000    
   65.8096008       0.00000000    
   65.9095993       0.00000000    
   66.0095978       0.00000000    
   66.1096039       0.00000000    
   66.2096024       0.00000000    
   66.3096008       0.00000000    
   66.4095993       0.00000000    
   66.5095978       0.00000000    
   66.6096039       0.00000000    
   66.7096024       0.00000000    
   66.8096008       0.00000000    
   66.9095993       0.00000000    
   67.0095978       0.00000000    
   67.1096039       0.00000000    
   67.2096024       0.00000000    
   67.3096008       0.00000000    
   67.4095993       0.00000000    
   67.5095978       0.00000000    
   67.6096039       0.00000000    
   67.7096024       0.00000000    
   67.8096008       0.00000000    
   67.9095993       0.00000000    
   68.0095978       0.00000000    
   68.1096039       0.00000000    
   68.2096024       0.00000000    
   68.3096008       0.00000000    
   68.4095993       0.00000000    
   68.5095978       0.00000000    
   68.6096039       0.00000000    
   68.7096024       0.00000000    
   68.8096008       0.00000000    
   68.9095993       0.00000000    
   69.0095978       0.00000000    
   69.1096039       0.00000000    
   69.2096024       0.00000000    
   69.3096008       0.00000000    
   69.4095993       0.00000000    
   69.5095978       0.00000000    
   69.6096039       0.00000000    
   69.7096024       0.00000000    
   69.8096008       0.00000000    
   69.9095993       0.00000000    
   70.0095978       0.00000000    
   70.1096039       0.00000000    
   70.2096024       0.00000000    
   70.3096008       0.00000000    
   70.4095993       0.00000000    
   70.5095978       0.00000000    
   70.6096039       0.00000000    
   70.7096024       0.00000000    
   70.8096008       0.00000000    
   70.9095993       0.00000000    
   71.0095978       0.00000000    
   71.1096039       0.00000000    
   71.2096024       0.00000000    
   71.3096008       0.00000000    
   71.4095993       0.00000000    
   71.5095978       0.00000000    
   71.6096039       4.99750138E-04
